4294967278,438
4294967278,289
4294967279,367
4294967279,121
4294967279,120
4294967279,333
4294967278,355
4294967279,332
4294967278,393
4294967278,299
4294967278,342
4294967278,364
4294967279,118
4294967279,109
4294967279,107
4294967279,106
4294967279,105
4294967279,104
4294967279,103
4294967279,102
4294967279,100
4294967279,348
4294967278,161
4294967278,160
4294967278,159
4294967279,159
4294967279,158
4294967278,157
4294967278,156
4294967279,155
4294967278,155
4294967279,153
4294967279,152
4294967279,276
4294967278,151
4294967278,150
4294967278,149
4294967279,148
4294967278,148
4294967279,147
4294967278,147
4294967278,146
4294967279,145
4294967278,145
4294967279,144
4294967278,144
4294967278,143
4294967278,141
4294967279,140
4294967279,293
4294967279,98
4294967279,252
4294967279,310
4294967278,401
4294967278,227
4294967279,156
4294967278,328
4294967278,428
4294967279,304
4294967278,426
4294967279,262
4294967278,425
4294967278,368
4294967279,93
4294967279,92
4294967279,529
4294967278,261
4294967279,329
4294967279,337
4294967278,347
4294967278,387
4294967279,90
4294967294,30
4294967294,1070
4294967294,1069
4294967294,1067
4294967294,1066
4294967294,1061
4294967294,1050
4294967294,436
4294967294,158
4294967294,157
4294967294,156
4294967294,155
4294967294,60
4294967294,12
4294967294,11
4294967294,68
4294967278,383
4294967278,128
4294967278,126
4294967278,125
4294967278,124
4294967278,123
4294967278,122
4294967278,121
4294967278,118
4294967278,110
4294967278,107
4294967278,104
4294967278,98
4294967278,97
4294967278,96
4294967278,95
4294967278,93
4294967278,92
4294967278,91
4294967278,89
4294967278,412
4294967278,81
4294967278,79
4294967278,78
4294967278,76
4294967278,73
4294967278,71
4294967278,68
4294967278,67
4294967278,60
4294967278,58
4294967278,57
4294967278,411
4294967278,56
4294967278,55
4294967278,54
4294967278,53
4294967278,51
4294967278,50
4294967278,49
4294967278,303
4294967278,48
4294967278,363
4294967278,47
4294967278,46
4294967278,45
4294967278,44
4294967278,43
4294967278,42
4294967278,41
4294967278,39
4294967278,36
4294967278,35
4294967278,341
4294967278,34
4294967278,33
4294967278,372
4294967278,32
4294967278,31
4294967278,30
4294967278,231
4294967278,27
4294967278,361
4294967278,26
4294967278,308
4294967278,25
4294967278,24
4294967278,338
4294967278,23
4294967278,354
4294967278,22
4294967278,402
4294967278,21
4294967278,20
4294967278,19
4294967278,18
4294967278,17
4294967278,16
4294967278,15
4294967278,321
4294967278,14
4294967278,13
4294967279,81
4294967279,79
4294967279,78
4294967279,77
4294967279,75
4294967279,74
4294967279,73
4294967279,72
4294967279,68
4294967279,65
4294967279,64
4294967279,61
4294967279,59
4294967279,360
4294967279,56
4294967279,286
4294967279,55
4294967279,50
4294967279,48
4294967279,45
4294967279,43
4294967279,42
4294967279,41
4294967279,40
4294967279,331
4294967279,36
4294967279,33
4294967279,344
4294967279,32
4294967279,31
4294967279,30
4294967279,328
4294967279,29
4294967279,327
4294967279,26
4294967279,545
4294967279,326
4294967279,24
4294967279,311
4294967279,23
4294967279,313
4294967279,22
4294967279,338
4294967279,20
4294967279,19
4294967279,18
4294967279,17
4294967279,15
4294967279,8
4294967279,4
4294967279,299
4294967278,114
4294967278,116
4294967294,1417
4294967294,1416
4294967278,115
4294967278,237
397,7
4294967294,482
4294967278,423
4294967278,113
4294967294,193
4294967294,194
4294967294,1028
4294967294,1030
4294967279,376
4294967278,112
4294967279,374
4294967279,233
4294967279,373
4294967278,111
4294967278,109
4294967278,229
397,6
397,5
397,4
397,3
397,2
397,1
4294967278,422
4294967279,535
4294967278,421
4294967278,101
4294967278,212
4294967278,99
4294967278,211
4294967279,287
4294967278,90
4294967278,311
4294967278,199
4294967279,372
4294967278,420
4294967278,87
394,6
4294967279,336
4294967279,335
4294967278,197
394,5
4294967279,83
4294967279,82
4294967279,527
4294967278,80
4294967278,305
4294967279,80
394,4
394,3
394,2
394,1
4294967279,371
4294967279,76
4294967278,72
4294967278,365
4294967279,71
4294967278,247
4294967279,323
4294967278,245
4294967278,343
4294967279,70
4294967279,309
4294967278,419
4294967278,69
4294967279,69
4294967279,246
4294967279,67
4294967279,521
4294967278,64
4294967278,66
4294967278,384
4294967279,66
4294967278,65
4294967279,178
392,7
4294967278,63
4294967278,356
4294967279,370
4294967279,63
4294967278,62
4294967279,62
4294967278,61
4294967279,60
4294967279,322
4294967278,59
4294967279,169
392,6
392,5
392,4
392,3
392,2
392,1
4294967279,366
4294967279,54
4294967278,166
4294967279,53
4294967279,563
4294967279,44
4294967278,52
4294967278,378
4294967279,52
4294967279,220
4294967279,555
4294967279,260
4294967279,51
4294967294,413
4294967294,1047
4294967294,398
4294967294,180
4294967294,113
4294967294,110
4294967294,459
4294967278,373
4294967279,47
4294967279,280
4294967278,392
4294967278,40
4294967278,275
4294967279,151
4294967279,365
4294967278,38
4294967278,424
4294967279,38
4294967279,266
4294967278,37
4294967278,255
4294967279,37
4294967279,560
4294967278,350
4294967279,35
4294967279,146
4294967279,306
389,6
389,5
4294967279,142
389,4
389,3
389,2
389,1
4294967279,28
4294967279,27
4294967279,138
4294967279,314
4294967278,277
4294967279,25
4294967278,288
4294967278,418
4294967278,287
4294967279,282
4294967279,362
4294967279,16
4294967279,12
4294967279,14
4294967279,301
4294967278,390
4294967279,361
4294967279,13
4294967279,137
386,7
4294967279,359
4294967278,417
4294967279,10
4294967279,230
4294967278,256
4294967279,9
4294967279,268
4294967294,163
4294967278,353
4294967279,7
4294967279,302
4294967279,254
4294967278,302
4294967278,398
386,6
386,5
